65 101 1 61 149 3 59 99 115 89 109 81 17 111 129 80 71 48 36 130 113 38 103 146 69 25 68 148 33 82 85 9 119 15 66 30 132 28 64 54 84 32 117 86 41 58 10 144 102 97 78 70 44 42 140 73 55 72 122 21 39 131 127 147 0 105 27 112 29 110 126 100 104 22 4 20 57 108 93 24 23 133 94 136 5 26 45 141 90 76 91 18 8 34 2 116 14 63 138 46 95 31 51 121 79
48 126 132 5 143 124 83 84 27 125 131 47 64 2 30 88 145 7 38 0 128 112 148 44 122 78 119 37 65 104 53 103 118 109 130 4 25 51 87 10 75 146 107 141 56 96 22 20 13 32 95 61 24 45 36 49 58 28 134 66 123 50 86 12 94 90 1 3 91 129 33 73 6 149 79 77 120 18 108 93 67 127 11 68 23 46 63 105 54 110 34 69 59 106 8 9 29 101 135 136 142 121 16 72 71
86 140 66 42 137 27 51 45 11 72 106 68 108 57 0 131 6 76 16 129 44 13 132 147 91 28 103 94 93 133 143 118 19 109 64 127 55 32 80 22 7 142 48 74 148 30 123 90 67 81 111 83 135 119 31 26 43 5 84 116 49 120 50 115 79 145 139 15 71 96 114 101 75 70 62 122 40 39 14 69 54 77 85 130 88 20 37 23 107 17 100 97 125 134 124 138 36 59 110 24 1 73 53 102 117
149 92 21 23 91 53 83 147 79 142 96 119 135 141 58 136 4 7 87 60 126 57 127 14 3 101 144 38 124 40 44 61 109 2 97 49 8 71 52 103 63 6 19 45 116 48 123 84 107 65 9 24 1 93 18 16 54 55 22 129 50 95 114 146 70 15 73 20 99 140 10 0 111 94 100 110 74 118 115 64 46 31 56 133 128 80 76 75 137 143 5 89 35 105 131 90 17 28 86 98 47 112 43 51 59
92 70 60 126 133 11 132 55 23 29 80 127 17 149 1 147 144 20 53 45 84 67 83 73 76 25 119 49 34 7 97 12 143 69 118 81 14 13 9 0 145 65 31 38 130 142 75 36 123 136 46 19 41 94 71 105 56 68 134 135 89 61 8 28 128 35 114 52 108 21 102 59 93 131 110 88 57 10 146 121 90 82 140 124 22 122 32 85 47 95 138 129 74 104 30 6 99 43 120 113 109 48 42 4 148
38 60 116 51 132 105 1 34 120 134 125 24 5 101 25 48 44 81 61 50 138 30 20 57 118 29 67 145 73 56 141 36 32 88 111 142 143 77 114 19 9 10 26 35 75 2 31 130 52 49 139 128 22 102 89 53 33 98 18 108 11 123 12 62 68 66 92 8 121 137 40 65 23 54 115 122 94 80 95 148 72 3 6 136 0 41 7 126 104 90 133 127 37 103 112 4 17 135 47 149 70 119 21 99 96
107 84 46 104 123 31 141 26 13 115 16 29 30 34 139 12 102 61 110 14 99 0 86 109 128 82 80 67 63 116 39 77 137 54 17 73 97 20 95 106 2 85 124 8 23 149 138 145 93 10 72 94 42 6 11 112 132 90 133 108 79 121 65 101 25 49 127 52 53 146 119 36 83 9 148 91 70 44 71 21 117 129 37 140 81 47 59 111 98 56 118 122 38 32 76 50 88 134 142 147 100 45 75 143 74
146 28 111 56 34 3 1 141 129 78 123 49 64 37 55 124 47 107 18 100 117 116 6 67 122 13 77 0 94 22 114 127 134 121 85 70 95 60 88 96 54 99 87 32 66 7 80 89 58 33 104 62 25 125 79 101 139 21 110 27 59 105 103 8 142 130 65 52 35 48 24 45 17 36 68 138 75 57 40 19 46 9 76 23 136 131 112 93 72 145 43 144 108 10 143 29 126 132 14 81 148 106 71 73 113
77 39 67 101 58 54 127 149 75 59 20 106 112 57 91 53 139 71 100 7 49 36 94 104 50 11 12 95 41 110 128 130 55 125 73 3 129 9 80 88 15 123 96 35 27 19 13 102 79 52 136 126 17 114 56 82 28 40 44 60 69 45 132 92 131 133 64 66 90 85 8 87 142 89 5 1 2 6 62 78 10 86 14 99 74 103 109 118 120 148 119 25 111 144 141 22 26 51 105 18 84 38 97 117 124
0 113 75 87 42 33 86 9 29 73 40 61 135 92 139 21 26 60 13 10 121 63 53 142 89 62 47 108 111 136 56 115 38 131 101 71 57 65 5 90 70 2 32 55 17 15 130 107 18 134 96 147 39 11 77 6 25 124 22 95 99 129 110 126 16 103 137 51 82 79 7 8 30 128 91 81 114 127 59 41 1 46 143 52 72 48 119 145 43 58 35 34 117 100 85 97 132 67 122 106 102 74 28 149 31
